[gd_scene load_steps=4 format=3 uid="uid://dc6yagpfystdl"]

[ext_resource type="Script" path="res://levels/test_scene/TestSceneController.gd" id="1_40tnf"]
[ext_resource type="PackedScene" uid="uid://d3bqcl4qj66ua" path="res://levels/TestLevel.tscn" id="2_dggku"]
[ext_resource type="PackedScene" uid="uid://ggxqscmbpasw" path="res://components/characters/player/Player.tscn" id="3_hm0kb"]

[node name="TestSceneController" type="Node3D"]
script = ExtResource("1_40tnf")

[node name="TestLevel" parent="." instance=ExtResource("2_dggku")]

[node name="Bob" parent="." instance=ExtResource("3_hm0kb")]
transform = Transform3D(0.122753, 0, 0.992437, 0, 1, 0, -0.992437, 0, 0.122753, 2.86315, 1.14194, 0)

[node name="Steve" parent="." instance=ExtResource("3_hm0kb")]
transform = Transform3D(-0.141264, 0, -0.989972, 0, 1, 0, 0.989972, 0, -0.141264, -3.12678, 1.12405, 0)

[node name="Camera3D" type="Camera3D" parent="."]
transform = Transform3D(1, 0, 0, 0, 0.95077, 0.309897, 0, -0.309897, 0.95077, 0, 2.88845, 7.57696)
